#filetype genotype_data
#format sequence viable fitness merit gest_time length copy_length exe_length 

# Legend:
# 1: Genome Sequence
# 2: Is Viable (0/1)
# 3: Fitness
# 4: Merit
# 5: Gestation Time
# 6: Genome Length
# 7: Copied Length
# 8: Executed Length

axrchcvw 1 0.0540541 8 148 8 8 8 
axrchcwv 1 0.0519481 8 154 8 8 8 
axrcwhcv 1 0.0516129 8 155 8 8 8 
bxrchcvw 1 0.0540541 8 148 8 8 8 
bxrchcwv 1 0.0519481 8 154 8 8 8 
bxrcwhcv 1 0.0516129 8 155 8 8 8 
cxrchcvw 1 0.0540541 8 148 8 8 8 
cxrchcwv 1 0.0519481 8 154 8 8 8 
cxrcwhcv 1 0.0516129 8 155 8 8 8 
dxrchcvw 1 0.0547945 8 146 8 8 8 
dxrchcwv 1 0.0526316 8 152 8 8 8 
dxrcwhcv 1 0.0522876 8 153 8 8 8 
exrchcwv 1 0.0544218 8 147 8 8 8 
exrcwhcv 1 0.0540541 8 148 8 8 8 
fwvfgxgb 1 0.0833333 8 96 8 8 8 
fwvxfggb 1 0.0733945 8 109 8 8 8 
fxrchcvw 1 0.0547945 8 146 8 8 8 
fxrchcwv 1 0.0526316 8 152 8 8 8 
fxrcwhcv 1 0.0522876 8 153 8 8 8 
hvfgwxgb 1 0.0601504 8 133 8 8 8 
hvfgxwgb 1 0.0606061 8 132 8 8 8 
hvwfgxgb 1 0.0824742 8 97 8 8 8 
hvwxfggb 1 0.0727273 8 110 8 8 8 
hvxfgwgb 1 0.0526316 8 152 8 8 8 
hvxwfggb 1 0.0733945 8 109 8 8 8 
hwvfgxgb 1 0.0824742 8 97 8 8 8 
hwvxfggb 1 0.0727273 8 110 8 8 8 
ivfgwxgb 1 0.0601504 8 133 8 8 8 
ivfgxwgb 1 0.0606061 8 132 8 8 8 
ivwfgxgb 1 0.0824742 8 97 8 8 8 
ivwxfggb 1 0.0727273 8 110 8 8 8 
ivxfgwgb 1 0.0526316 8 152 8 8 8 
ivxwfggb 1 0.0733945 8 109 8 8 8 
iwvfgxgb 1 0.0824742 8 97 8 8 8 
iwvxfggb 1 0.0727273 8 110 8 8 8 
ixrchcvw 1 0.0540541 8 148 8 8 8 
ixrchcwv 1 0.0519481 8 154 8 8 8 
ixrcwhcv 1 0.0516129 8 155 8 8 8 
jvfgwxgb 1 0.0601504 8 133 8 8 8 
jvfgxwgb 1 0.0606061 8 132 8 8 8 
jvwfgxgb 1 0.0824742 8 97 8 8 8 
jvwxfggb 1 0.0727273 8 110 8 8 8 
jvxfgwgb 1 0.0526316 8 152 8 8 8 
jvxwfggb 1 0.0733945 8 109 8 8 8 
jwvfgxgb 1 0.0824742 8 97 8 8 8 
jwvxfggb 1 0.0727273 8 110 8 8 8 
jxrchcvw 1 0.0540541 8 148 8 8 8 
jxrchcwv 1 0.0519481 8 154 8 8 8 
jxrcwhcv 1 0.0516129 8 155 8 8 8 
kvfgwxgb 1 0.0601504 8 133 8 8 8 
kvfgxwgb 1 0.0606061 8 132 8 8 8 
kvwfgxgb 1 0.0824742 8 97 8 8 8 
kvwxfggb 1 0.0727273 8 110 8 8 8 
kvxfgwgb 1 0.0526316 8 152 8 8 8 
kvxwfggb 1 0.0733945 8 109 8 8 8 
kwvfgxgb 1 0.0824742 8 97 8 8 8 
kwvxfggb 1 0.0727273 8 110 8 8 8 
kxrchcvw 1 0.0540541 8 148 8 8 8 
kxrchcwv 1 0.0519481 8 154 8 8 8 
kxrcwhcv 1 0.0516129 8 155 8 8 8 
lvfgwxgb 1 0.0601504 8 133 8 8 8 
lvfgxwgb 1 0.0606061 8 132 8 8 8 
lvwfgxgb 1 0.0824742 8 97 8 8 8 
lvwxfggb 1 0.0727273 8 110 8 8 8 
lvxfgwgb 1 0.0526316 8 152 8 8 8 
lvxwfggb 1 0.0733945 8 109 8 8 8 
lwvfgxgb 1 0.0824742 8 97 8 8 8 
lwvxfggb 1 0.0727273 8 110 8 8 8 
lxrchcvw 1 0.0540541 8 148 8 8 8 
lxrchcwv 1 0.0519481 8 154 8 8 8 
lxrcwhcv 1 0.0516129 8 155 8 8 8 
mvfgwxgb 1 0.0601504 8 133 8 8 8 
mvfgxwgb 1 0.0606061 8 132 8 8 8 
mvwfgxgb 1 0.0824742 8 97 8 8 8 
mvwxfggb 1 0.0727273 8 110 8 8 8 
mvxfgwgb 1 0.0526316 8 152 8 8 8 
mvxwfggb 1 0.0733945 8 109 8 8 8 
mwvfgxgb 1 0.0824742 8 97 8 8 8 
mwvxfggb 1 0.0727273 8 110 8 8 8 
nvfgwxgb 1 0.0601504 8 133 8 8 8 
nvfgxwgb 1 0.0606061 8 132 8 8 8 
nvwfgxgb 1 0.0824742 8 97 8 8 8 
nvwxfggb 1 0.0727273 8 110 8 8 8 
nvxfgwgb 1 0.0526316 8 152 8 8 8 
nvxwfggb 1 0.0733945 8 109 8 8 8 
nwvfgxgb 1 0.0824742 8 97 8 8 8 
nwvxfggb 1 0.0727273 8 110 8 8 8 
ovfgwxgb 1 0.0601504 8 133 8 8 8 
ovfgxwgb 1 0.0606061 8 132 8 8 8 
ovwfgxgb 1 0.0824742 8 97 8 8 8 
ovwxfggb 1 0.0727273 8 110 8 8 8 
ovxfgwgb 1 0.0526316 8 152 8 8 8 
ovxwfggb 1 0.0733945 8 109 8 8 8 
owvfgxgb 1 0.0824742 8 97 8 8 8 
owvxfggb 1 0.0727273 8 110 8 8 8 
oxrchcvw 1 0.0540541 8 148 8 8 8 
oxrchcwv 1 0.0519481 8 154 8 8 8 
oxrcwhcv 1 0.0516129 8 155 8 8 8 
pvfgwxgb 1 0.0601504 8 133 8 8 8 
pvfgxwgb 1 0.0606061 8 132 8 8 8 
pvwfgxgb 1 0.0824742 8 97 8 8 8 
pvwxfggb 1 0.0727273 8 110 8 8 8 
pvxfgwgb 1 0.0526316 8 152 8 8 8 
pvxwfggb 1 0.0733945 8 109 8 8 8 
pwvfgxgb 1 0.0824742 8 97 8 8 8 
pwvxfggb 1 0.0727273 8 110 8 8 8 
pxrchcvw 1 0.0540541 8 148 8 8 8 
pxrchcwv 1 0.0519481 8 154 8 8 8 
pxrcwhcv 1 0.0516129 8 155 8 8 8 
qvfgwxgb 1 0.0601504 8 133 8 8 8 
qvfgxwgb 1 0.0606061 8 132 8 8 8 
qvwfgxgb 1 0.0824742 8 97 8 8 8 
qvwxfggb 1 0.0727273 8 110 8 8 8 
qvxfgwgb 1 0.0526316 8 152 8 8 8 
qvxwfggb 1 0.0733945 8 109 8 8 8 
qwvfgxgb 1 0.0824742 8 97 8 8 8 
qwvxfggb 1 0.0727273 8 110 8 8 8 
qxrchcvw 1 0.0540541 8 148 8 8 8 
qxrchcwv 1 0.0519481 8 154 8 8 8 
qxrcwhcv 1 0.0516129 8 155 8 8 8 
rvfgwxgb 1 0.0601504 8 133 8 8 8 
rvfgxwgb 1 0.0606061 8 132 8 8 8 
rvwfgxgb 1 0.0824742 8 97 8 8 8 
rvwxfggb 1 0.0727273 8 110 8 8 8 
rvxfgwgb 1 0.0526316 8 152 8 8 8 
rvxwfggb 1 0.0733945 8 109 8 8 8 
rwvfgxgb 1 0.0824742 8 97 8 8 8 
rwvxfggb 1 0.0727273 8 110 8 8 8 
svfgwxgb 1 0.0601504 8 133 8 8 8 
svfgxwgb 1 0.0606061 8 132 8 8 8 
svwfgxgb 1 0.0824742 8 97 8 8 8 
svwxfggb 1 0.0727273 8 110 8 8 8 
svxfgwgb 1 0.0526316 8 152 8 8 8 
svxwfggb 1 0.0733945 8 109 8 8 8 
swvfgxgb 1 0.0824742 8 97 8 8 8 
swvxfggb 1 0.0727273 8 110 8 8 8 
tvfgwxgb 1 0.0601504 8 133 8 8 8 
tvfgxwgb 1 0.0606061 8 132 8 8 8 
tvwfgxgb 1 0.0824742 8 97 8 8 8 
tvwxfggb 1 0.0727273 8 110 8 8 8 
tvxfgwgb 1 0.0526316 8 152 8 8 8 
tvxwfggb 1 0.0733945 8 109 8 8 8 
twvfgxgb 1 0.0824742 8 97 8 8 8 
twvxfggb 1 0.0727273 8 110 8 8 8 
uvfgwxgb 1 0.0601504 8 133 8 8 8 
uvfgxwgb 1 0.0606061 8 132 8 8 8 
uvwfgxgb 1 0.0824742 8 97 8 8 8 
uvwxfggb 1 0.0727273 8 110 8 8 8 
uvxfgwgb 1 0.0526316 8 152 8 8 8 
uvxwfggb 1 0.0733945 8 109 8 8 8 
uwvfgxgb 1 0.0824742 8 97 8 8 8 
uwvxfggb 1 0.0727273 8 110 8 8 8 
vfcgbvwx 1 0.0606061 8 132 8 8 9 
vfcgbvxw 1 0.0610687 8 131 8 8 9 
vfcgbwvx 1 0.0606061 8 132 8 8 9 
vfghwxgb 1 0.0714286 8 112 8 8 8 
vfghxwgb 1 0.0720721 8 111 8 8 8 
vfgiwxgb 1 0.0714286 8 112 8 8 8 
vfgixwgb 1 0.0720721 8 111 8 8 8 
vfgjwxgb 1 0.0714286 8 112 8 8 8 
vfgjxwgb 1 0.0720721 8 111 8 8 8 
vfgkwxgb 1 0.0714286 8 112 8 8 8 
vfgkxwgb 1 0.0720721 8 111 8 8 8 
vfglwxgb 1 0.0714286 8 112 8 8 8 
vfglxwgb 1 0.0720721 8 111 8 8 8 
vfgmwxgb 1 0.0714286 8 112 8 8 8 
vfgmxwgb 1 0.0720721 8 111 8 8 8 
vfgnwxgb 1 0.0714286 8 112 8 8 8 
vfgnxwgb 1 0.0720721 8 111 8 8 8 
vfgowxgb 1 0.0714286 8 112 8 8 8 
vfgoxwgb 1 0.0720721 8 111 8 8 8 
vfgpwxgb 1 0.0714286 8 112 8 8 8 
vfgpxwgb 1 0.0720721 8 111 8 8 8 
vfgqwxgb 1 0.0714286 8 112 8 8 8 
vfgqxwgb 1 0.0720721 8 111 8 8 8 
vfgrwxgb 1 0.0714286 8 112 8 8 8 
vfgrxwgb 1 0.0720721 8 111 8 8 8 
vfgswxgb 1 0.0714286 8 112 8 8 8 
vfgsxwgb 1 0.0720721 8 111 8 8 8 
vfgtwxgb 1 0.0714286 8 112 8 8 8 
vfgtxwgb 1 0.0720721 8 111 8 8 8 
vfguwxgb 1 0.0714286 8 112 8 8 8 
vfguxwgb 1 0.0720721 8 111 8 8 8 
vfgvxgbw 1 0.0784314 8 102 8 8 8 
vfgwhxgb 1 0.0714286 8 112 8 8 8 
vfgwixgb 1 0.0714286 8 112 8 8 8 
vfgwjxgb 1 0.0714286 8 112 8 8 8 
vfgwkxgb 1 0.0714286 8 112 8 8 8 
vfgwlxgb 1 0.0714286 8 112 8 8 8 
vfgwmxgb 1 0.0714286 8 112 8 8 8 
vfgwnxgb 1 0.0714286 8 112 8 8 8 
vfgwoxgb 1 0.0714286 8 112 8 8 8 
vfgwpxgb 1 0.0714286 8 112 8 8 8 
vfgwqxgb 1 0.0714286 8 112 8 8 8 
vfgwrxgb 1 0.0714286 8 112 8 8 8 
vfgwsxgb 1 0.0714286 8 112 8 8 8 
vfgwtxgb 1 0.0714286 8 112 8 8 8 
vfgwuxgb 1 0.0714286 8 112 8 8 8 
vfgwwxgb 1 0.0714286 8 112 8 8 8 
vfgwxhgb 1 0.0720721 8 111 8 8 8 
vfgwxigb 1 0.0720721 8 111 8 8 8 
vfgwxjgb 1 0.0720721 8 111 8 8 8 
vfgwxkgb 1 0.0720721 8 111 8 8 8 
vfgwxlgb 1 0.0720721 8 111 8 8 8 
vfgwxmgb 1 0.0720721 8 111 8 8 8 
vfgwxngb 1 0.0720721 8 111 8 8 8 
vfgwxogb 1 0.0720721 8 111 8 8 8 
vfgwxpgb 1 0.0720721 8 111 8 8 8 
vfgwxqgb 1 0.0720721 8 111 8 8 8 
vfgwxrgb 1 0.0720721 8 111 8 8 8 
vfgwxsgb 1 0.0720721 8 111 8 8 8 
vfgwxtgb 1 0.0720721 8 111 8 8 8 
vfgwxugb 1 0.0720721 8 111 8 8 8 
vfgwxwgb 1 0.0720721 8 111 8 8 8 
vfgwxxgb 1 0.0720721 8 111 8 8 8 
vfgwxygb 1 0.0720721 8 111 8 8 8 
vfgwyxgb 1 0.0714286 8 112 8 8 8 
vfgxhwgb 1 0.0727273 8 110 8 8 8 
vfgxiwgb 1 0.0727273 8 110 8 8 8 
vfgxjwgb 1 0.0727273 8 110 8 8 8 
vfgxkwgb 1 0.0727273 8 110 8 8 8 
vfgxlwgb 1 0.0727273 8 110 8 8 8 
vfgxmwgb 1 0.0727273 8 110 8 8 8 
vfgxnwgb 1 0.0727273 8 110 8 8 8 
vfgxowgb 1 0.0727273 8 110 8 8 8 
vfgxpwgb 1 0.0727273 8 110 8 8 8 
vfgxqwgb 1 0.0727273 8 110 8 8 8 
vfgxrwgb 1 0.0727273 8 110 8 8 8 
vfgxswgb 1 0.0727273 8 110 8 8 8 
vfgxtwgb 1 0.0727273 8 110 8 8 8 
vfgxuwgb 1 0.0727273 8 110 8 8 8 
vfgxwhgb 1 0.0727273 8 110 8 8 8 
vfgxwigb 1 0.0727273 8 110 8 8 8 
vfgxwjgb 1 0.0727273 8 110 8 8 8 
vfgxwkgb 1 0.0727273 8 110 8 8 8 
vfgxwlgb 1 0.0727273 8 110 8 8 8 
vfgxwmgb 1 0.0727273 8 110 8 8 8 
vfgxwngb 1 0.0727273 8 110 8 8 8 
vfgxwogb 1 0.0727273 8 110 8 8 8 
vfgxwpgb 1 0.0727273 8 110 8 8 8 
vfgxwqgb 1 0.0727273 8 110 8 8 8 
vfgxwrgb 1 0.0727273 8 110 8 8 8 
vfgxwsgb 1 0.0727273 8 110 8 8 8 
vfgxwtgb 1 0.0727273 8 110 8 8 8 
vfgxwugb 1 0.0727273 8 110 8 8 8 
vfgxwwgb 1 0.0727273 8 110 8 8 8 
vfgxwxgb 1 0.0727273 8 110 8 8 8 
vfgxwygb 1 0.0727273 8 110 8 8 8 
vfgxxwgb 1 0.0727273 8 110 8 8 8 
vfgxywgb 1 0.0727273 8 110 8 8 8 
vfgywxgb 1 0.0714286 8 112 8 8 8 
vfgyxwgb 1 0.0720721 8 111 8 8 8 
vfwfgxgb 1 0.0842105 8 95 8 8 8 
vfwxfggb 1 0.0740741 8 108 8 8 8 
vhfgwxgb 1 0.0601504 8 133 8 8 8 
vhfgxwgb 1 0.0606061 8 132 8 8 8 
vhwfgxgb 1 0.0824742 8 97 8 8 8 
vhwxfggb 1 0.0727273 8 110 8 8 8 
vhxfgwgb 1 0.0526316 8 152 8 8 8 
vhxwfggb 1 0.0733945 8 109 8 8 8 
vifgwxgb 1 0.0601504 8 133 8 8 8 
vifgxwgb 1 0.0606061 8 132 8 8 8 
viwfgxgb 1 0.0824742 8 97 8 8 8 
viwxfggb 1 0.0727273 8 110 8 8 8 
vixfgwgb 1 0.0526316 8 152 8 8 8 
vixwfggb 1 0.0733945 8 109 8 8 8 
vjfgwxgb 1 0.0601504 8 133 8 8 8 
vjfgxwgb 1 0.0606061 8 132 8 8 8 
vjwfgxgb 1 0.0824742 8 97 8 8 8 
vjwxfggb 1 0.0727273 8 110 8 8 8 
vjxfgwgb 1 0.0526316 8 152 8 8 8 
vjxwfggb 1 0.0733945 8 109 8 8 8 
vkfgwxgb 1 0.0601504 8 133 8 8 8 
vkfgxwgb 1 0.0606061 8 132 8 8 8 
vkwfgxgb 1 0.0824742 8 97 8 8 8 
vkwxfggb 1 0.0727273 8 110 8 8 8 
vkxfgwgb 1 0.0526316 8 152 8 8 8 
vkxwfggb 1 0.0733945 8 109 8 8 8 
vlfgwxgb 1 0.0601504 8 133 8 8 8 
vlfgxwgb 1 0.0606061 8 132 8 8 8 
vlwfgxgb 1 0.0824742 8 97 8 8 8 
vlwxfggb 1 0.0727273 8 110 8 8 8 
vlxfgwgb 1 0.0526316 8 152 8 8 8 
vlxwfggb 1 0.0733945 8 109 8 8 8 
vmfgwxgb 1 0.0601504 8 133 8 8 8 
vmfgxwgb 1 0.0606061 8 132 8 8 8 
vmwfgxgb 1 0.0824742 8 97 8 8 8 
vmwxfggb 1 0.0727273 8 110 8 8 8 
vmxfgwgb 1 0.0526316 8 152 8 8 8 
vmxwfggb 1 0.0733945 8 109 8 8 8 
vnfgwxgb 1 0.0601504 8 133 8 8 8 
vnfgxwgb 1 0.0606061 8 132 8 8 8 
vnwfgxgb 1 0.0824742 8 97 8 8 8 
vnwxfggb 1 0.0727273 8 110 8 8 8 
vnxfgwgb 1 0.0526316 8 152 8 8 8 
vnxwfggb 1 0.0733945 8 109 8 8 8 
vofgwxgb 1 0.0601504 8 133 8 8 8 
vofgxwgb 1 0.0606061 8 132 8 8 8 
vowfgxgb 1 0.0824742 8 97 8 8 8 
vowxfggb 1 0.0727273 8 110 8 8 8 
voxfgwgb 1 0.0526316 8 152 8 8 8 
voxwfggb 1 0.0733945 8 109 8 8 8 
vpfgwxgb 1 0.0601504 8 133 8 8 8 
vpfgxwgb 1 0.0606061 8 132 8 8 8 
vpwfgxgb 1 0.0824742 8 97 8 8 8 
vpwxfggb 1 0.0727273 8 110 8 8 8 
vpxfgwgb 1 0.0526316 8 152 8 8 8 
vpxwfggb 1 0.0733945 8 109 8 8 8 
vqfgwxgb 1 0.0601504 8 133 8 8 8 
vqfgxwgb 1 0.0606061 8 132 8 8 8 
vqwfgxgb 1 0.0824742 8 97 8 8 8 
vqwxfggb 1 0.0727273 8 110 8 8 8 
vqxfgwgb 1 0.0526316 8 152 8 8 8 
vqxwfggb 1 0.0733945 8 109 8 8 8 
vrfgwxgb 1 0.0601504 8 133 8 8 8 
vrfgxwgb 1 0.0606061 8 132 8 8 8 
vrwfgxgb 1 0.0824742 8 97 8 8 8 
vrwxfggb 1 0.0727273 8 110 8 8 8 
vrxfgwgb 1 0.0526316 8 152 8 8 8 
vrxwfggb 1 0.0733945 8 109 8 8 8 
vsfgwxgb 1 0.0601504 8 133 8 8 8 
vsfgxwgb 1 0.0606061 8 132 8 8 8 
vswfgxgb 1 0.0824742 8 97 8 8 8 
vswxfggb 1 0.0727273 8 110 8 8 8 
vsxfgwgb 1 0.0526316 8 152 8 8 8 
vsxwfggb 1 0.0733945 8 109 8 8 8 
vtfgwxgb 1 0.0601504 8 133 8 8 8 
vtfgxwgb 1 0.0606061 8 132 8 8 8 
vtwfgxgb 1 0.0824742 8 97 8 8 8 
vtwxfggb 1 0.0727273 8 110 8 8 8 
vtxfgwgb 1 0.0526316 8 152 8 8 8 
vtxwfggb 1 0.0733945 8 109 8 8 8 
vufgwxgb 1 0.0601504 8 133 8 8 8 
vufgxwgb 1 0.0606061 8 132 8 8 8 
vuwfgxgb 1 0.0824742 8 97 8 8 8 
vuwxfggb 1 0.0727273 8 110 8 8 8 
vuxfgwgb 1 0.0526316 8 152 8 8 8 
vuxwfggb 1 0.0733945 8 109 8 8 8 
vvfgwxgb 1 0.0941176 8 85 8 8 8 
vvfgxwgb 1 0.0952381 8 84 8 8 8 
vvwfgxgb 1 0.140351 8 57 8 8 8 
vvwxfagb 1 0.0666667 8 120 8 8 8 
vvwxfdgb 1 0.064 8 125 8 8 8 
vvwxfegb 1 0.064 8 125 8 8 8 
vvwxfggb 1 0.129032 8 62 8 8 8 
vvxfgwgb 1 0.0869565 8 92 8 8 8 
vvxwfagb 1 0.0672269 8 119 8 8 8 
vvxwfdgb 1 0.0645161 8 124 8 8 8 
vvxwfegb 1 0.0645161 8 124 8 8 8 
vvxwfggb 1 0.131148 8 61 8 8 8 
vwfcgbvx 1 0.0559441 8 143 8 8 9 
vwfghxgb 1 0.0963855 8 83 8 8 8 
vwfgixgb 1 0.0963855 8 83 8 8 8 
vwfgjxgb 1 0.0963855 8 83 8 8 8 
vwfgkxgb 1 0.0963855 8 83 8 8 8 
vwfglxgb 1 0.0963855 8 83 8 8 8 
vwfgmxgb 1 0.0963855 8 83 8 8 8 
vwfgnxgb 1 0.0963855 8 83 8 8 8 
vwfgoxgb 1 0.0963855 8 83 8 8 8 
vwfgpxgb 1 0.0963855 8 83 8 8 8 
vwfgqxgb 1 0.0963855 8 83 8 8 8 
vwfgrxgb 1 0.0963855 8 83 8 8 8 
vwfgsxgb 1 0.0963855 8 83 8 8 8 
vwfgtxgb 1 0.0963855 8 83 8 8 8 
vwfguxgb 1 0.0963855 8 83 8 8 8 
vwfgvxgb 1 0.0963855 8 83 8 8 9 
vwfgwxgb 1 0.0963855 8 83 8 8 8 
vwfgxhgb 1 0.097561 8 82 8 8 8 
vwfgxigb 1 0.097561 8 82 8 8 8 
vwfgxjgb 1 0.097561 8 82 8 8 8 
vwfgxkgb 1 0.097561 8 82 8 8 8 
vwfgxlgb 1 0.097561 8 82 8 8 8 
vwfgxmgb 1 0.097561 8 82 8 8 8 
vwfgxngb 1 0.097561 8 82 8 8 8 
vwfgxogb 1 0.097561 8 82 8 8 8 
vwfgxpgb 1 0.097561 8 82 8 8 8 
vwfgxqgb 1 0.097561 8 82 8 8 8 
vwfgxrgb 1 0.097561 8 82 8 8 8 
vwfgxsgb 1 0.097561 8 82 8 8 8 
vwfgxtgb 1 0.097561 8 82 8 8 8 
vwfgxugb 1 0.097561 8 82 8 8 8 
vwfgxwgb 1 0.097561 8 82 8 8 8 
vwfgxxgb 1 0.097561 8 82 8 8 8 
vwfgxygb 1 0.097561 8 82 8 8 8 
vwfgyxgb 1 0.0963855 8 83 8 8 8 
vwhfgxgb 1 0.0824742 8 97 8 8 8 
vwhxfggb 1 0.0727273 8 110 8 8 8 
vwifgxgb 1 0.0824742 8 97 8 8 8 
vwixfggb 1 0.0727273 8 110 8 8 8 
vwjfgxgb 1 0.0824742 8 97 8 8 8 
vwjxfggb 1 0.0727273 8 110 8 8 8 
vwkfgxgb 1 0.0824742 8 97 8 8 8 
vwkxfggb 1 0.0727273 8 110 8 8 8 
vwlfgxgb 1 0.0824742 8 97 8 8 8 
vwlxfggb 1 0.0727273 8 110 8 8 8 
vwmfgxgb 1 0.0824742 8 97 8 8 8 
vwmxfggb 1 0.0727273 8 110 8 8 8 
vwnfgxgb 1 0.0824742 8 97 8 8 8 
vwnxfggb 1 0.0727273 8 110 8 8 8 
vwofgxgb 1 0.0824742 8 97 8 8 8 
vwoxfggb 1 0.0727273 8 110 8 8 8 
vwpfgxgb 1 0.0824742 8 97 8 8 8 
vwpxfggb 1 0.0727273 8 110 8 8 8 
vwqfgxgb 1 0.0824742 8 97 8 8 8 
vwqxfggb 1 0.0727273 8 110 8 8 8 
vwrfgxgb 1 0.0824742 8 97 8 8 8 
vwrxfggb 1 0.0727273 8 110 8 8 8 
vwtfgxgb 1 0.0824742 8 97 8 8 8 
vwtxfggb 1 0.0727273 8 110 8 8 8 
vwufgxgb 1 0.0824742 8 97 8 8 8 
vwuxfggb 1 0.0727273 8 110 8 8 8 
vwvfgxgb 1 0.140351 8 57 8 8 8 
vwvxfagb 1 0.0666667 8 120 8 8 8 
vwvxfdgb 1 0.064 8 125 8 8 8 
vwvxfegb 1 0.064 8 125 8 8 8 
vwvxfggb 1 0.129032 8 62 8 8 8 
vwwfgxgb 1 0.0824742 8 97 8 8 8 
vwwxfggb 1 0.0727273 8 110 8 8 8 
vwxfghgb 1 0.0842105 8 95 8 8 8 
vwxfgigb 1 0.0842105 8 95 8 8 8 
vwxfgjgb 1 0.0842105 8 95 8 8 8 
vwxfgkgb 1 0.0842105 8 95 8 8 8 
vwxfglgb 1 0.0842105 8 95 8 8 8 
vwxfgmgb 1 0.0842105 8 95 8 8 8 
vwxfgngb 1 0.0842105 8 95 8 8 8 
vwxfgogb 1 0.0842105 8 95 8 8 8 
vwxfgpgb 1 0.0842105 8 95 8 8 8 
vwxfgqgb 1 0.0842105 8 95 8 8 8 
vwxfgrgb 1 0.0842105 8 95 8 8 8 
vwxfgsgb 1 0.0842105 8 95 8 8 8 
vwxfgtgb 1 0.0842105 8 95 8 8 8 
vwxfgugb 1 0.0842105 8 95 8 8 8 
vwxfgwgb 1 0.0842105 8 95 8 8 8 
vwxfgxgb 1 0.0842105 8 95 8 8 8 
vwxfgygb 1 0.0842105 8 95 8 8 8 
vwxhfggb 1 0.0733945 8 109 8 8 8 
vwxifggb 1 0.0733945 8 109 8 8 8 
vwxjfggb 1 0.0733945 8 109 8 8 8 
vwxkfggb 1 0.0733945 8 109 8 8 8 
vwxlfggb 1 0.0733945 8 109 8 8 8 
vwxmfggb 1 0.0733945 8 109 8 8 8 
vwxnfggb 1 0.0733945 8 109 8 8 8 
vwxofggb 1 0.0733945 8 109 8 8 8 
vwxpfggb 1 0.0733945 8 109 8 8 8 
vwxqfggb 1 0.0733945 8 109 8 8 8 
vwxrfggb 1 0.0733945 8 109 8 8 8 
vwxsfggb 1 0.0733945 8 109 8 8 8 
vwxtfggb 1 0.0733945 8 109 8 8 8 
vwxufggb 1 0.0733945 8 109 8 8 8 
vwxvfagb 1 0.0601504 8 133 8 8 8 
vwxvfdgb 1 0.057554 8 139 8 8 8 
vwxvfegb 1 0.057554 8 139 8 8 8 
vwxwfggb 1 0.0733945 8 109 8 8 8 
vwxxfggb 1 0.0733945 8 109 8 8 8 
vwxyfggb 1 0.0733945 8 109 8 8 8 
vwyfgxgb 1 0.0824742 8 97 8 8 8 
vwyxfggb 1 0.0727273 8 110 8 8 8 
vxfghwgb 1 0.0615385 8 130 8 8 8 
vxfgiwgb 1 0.0615385 8 130 8 8 8 
vxfgjwgb 1 0.0615385 8 130 8 8 8 
vxfgkwgb 1 0.0615385 8 130 8 8 8 
vxfglwgb 1 0.0615385 8 130 8 8 8 
vxfgmwgb 1 0.0615385 8 130 8 8 8 
vxfgnwgb 1 0.0615385 8 130 8 8 8 
vxfgowgb 1 0.0615385 8 130 8 8 8 
vxfgpwgb 1 0.0615385 8 130 8 8 8 
vxfgqwgb 1 0.0615385 8 130 8 8 8 
vxfgrwgb 1 0.0615385 8 130 8 8 8 
vxfgswgb 1 0.0615385 8 130 8 8 8 
vxfgtwgb 1 0.0615385 8 130 8 8 8 
vxfguwgb 1 0.0615385 8 130 8 8 8 
vxfgwhgb 1 0.0615385 8 130 8 8 8 
vxfgwigb 1 0.0615385 8 130 8 8 8 
vxfgwjgb 1 0.0615385 8 130 8 8 8 
vxfgwkgb 1 0.0615385 8 130 8 8 8 
vxfgwlgb 1 0.0615385 8 130 8 8 8 
vxfgwmgb 1 0.0615385 8 130 8 8 8 
vxfgwngb 1 0.0615385 8 130 8 8 8 
vxfgwogb 1 0.0615385 8 130 8 8 8 
vxfgwpgb 1 0.0615385 8 130 8 8 8 
vxfgwqgb 1 0.0615385 8 130 8 8 8 
vxfgwrgb 1 0.0615385 8 130 8 8 8 
vxfgwsgb 1 0.0615385 8 130 8 8 8 
vxfgwtgb 1 0.0615385 8 130 8 8 8 
vxfgwugb 1 0.0615385 8 130 8 8 8 
vxfgwwgb 1 0.0615385 8 130 8 8 8 
vxfgwxgb 1 0.0615385 8 130 8 8 8 
vxfgwygb 1 0.0615385 8 130 8 8 8 
vxfgxwgb 1 0.0615385 8 130 8 8 8 
vxfgywgb 1 0.0615385 8 130 8 8 8 
vxfwfggb 1 0.0747664 8 107 8 8 8 
vxhfgwgb 1 0.0529801 8 151 8 8 8 
vxhwfggb 1 0.0740741 8 108 8 8 8 
vxifgwgb 1 0.0529801 8 151 8 8 8 
vxiwfggb 1 0.0740741 8 108 8 8 8 
vxjfgwgb 1 0.0529801 8 151 8 8 8 
vxjwfggb 1 0.0740741 8 108 8 8 8 
vxkfgwgb 1 0.0529801 8 151 8 8 8 
vxkwfggb 1 0.0740741 8 108 8 8 8 
vxlfgwgb 1 0.0529801 8 151 8 8 8 
vxlwfggb 1 0.0740741 8 108 8 8 8 
vxmfgwgb 1 0.0529801 8 151 8 8 8 
vxmwfggb 1 0.0740741 8 108 8 8 8 
vxnfgwgb 1 0.0529801 8 151 8 8 8 
vxnwfggb 1 0.0740741 8 108 8 8 8 
vxofgwgb 1 0.0529801 8 151 8 8 8 
vxowfggb 1 0.0740741 8 108 8 8 8 
vxpfgwgb 1 0.0529801 8 151 8 8 8 
vxpwfggb 1 0.0740741 8 108 8 8 8 
vxqfgwgb 1 0.0529801 8 151 8 8 8 
vxqwfggb 1 0.0740741 8 108 8 8 8 
vxrfgwgb 1 0.0529801 8 151 8 8 8 
vxrwfggb 1 0.0740741 8 108 8 8 8 
vxsfgwgb 1 0.0529801 8 151 8 8 8 
vxswfggb 1 0.0740741 8 108 8 8 8 
vxtfgwgb 1 0.0529801 8 151 8 8 8 
vxtwfggb 1 0.0740741 8 108 8 8 8 
vxufgwgb 1 0.0529801 8 151 8 8 8 
vxuwfggb 1 0.0740741 8 108 8 8 8 
vxwfghgb 1 0.0851064 8 94 8 8 8 
vxwfgigb 1 0.0851064 8 94 8 8 8 
vxwfgjgb 1 0.0851064 8 94 8 8 8 
vxwfgkgb 1 0.0851064 8 94 8 8 8 
vxwfglgb 1 0.0851064 8 94 8 8 8 
vxwfgmgb 1 0.0851064 8 94 8 8 8 
vxwfgngb 1 0.0851064 8 94 8 8 8 
vxwfgogb 1 0.0851064 8 94 8 8 8 
vxwfgpgb 1 0.0851064 8 94 8 8 8 
vxwfgqgb 1 0.0851064 8 94 8 8 8 
vxwfgrgb 1 0.0851064 8 94 8 8 8 
vxwfgsgb 1 0.0851064 8 94 8 8 8 
vxwfgtgb 1 0.0851064 8 94 8 8 8 
vxwfgugb 1 0.0851064 8 94 8 8 8 
vxwfgwgb 1 0.0851064 8 94 8 8 8 
vxwfgxgb 1 0.0851064 8 94 8 8 8 
vxwfgygb 1 0.0851064 8 94 8 8 8 
vxwhfggb 1 0.0740741 8 108 8 8 8 
vxwifggb 1 0.0740741 8 108 8 8 8 
vxwjfggb 1 0.0740741 8 108 8 8 8 
vxwkfggb 1 0.0740741 8 108 8 8 8 
vxwlfggb 1 0.0740741 8 108 8 8 8 
vxwmfggb 1 0.0740741 8 108 8 8 8 
vxwnfggb 1 0.0740741 8 108 8 8 8 
vxwofggb 1 0.0740741 8 108 8 8 8 
vxwpfggb 1 0.0740741 8 108 8 8 8 
vxwqfggb 1 0.0740741 8 108 8 8 8 
vxwrfggb 1 0.0740741 8 108 8 8 8 
vxwsfggb 1 0.0740741 8 108 8 8 8 
vxwtfggb 1 0.0740741 8 108 8 8 8 
vxwufggb 1 0.0740741 8 108 8 8 8 
vxwvfagb 1 0.0606061 8 132 8 8 8 
vxwvfdgb 1 0.057971 8 138 8 8 8 
vxwvfegb 1 0.057971 8 138 8 8 8 
vxwwfggb 1 0.0740741 8 108 8 8 8 
vxwxfggb 1 0.0740741 8 108 8 8 8 
vxwyfggb 1 0.0740741 8 108 8 8 8 
vxxfgwgb 1 0.0529801 8 151 8 8 8 
vxxwfggb 1 0.0740741 8 108 8 8 8 
vxyfgwgb 1 0.0529801 8 151 8 8 8 
vxywfggb 1 0.0740741 8 108 8 8 8 
vyfgwxgb 1 0.0601504 8 133 8 8 8 
vyfgxwgb 1 0.0606061 8 132 8 8 8 
vywfgxgb 1 0.0824742 8 97 8 8 8 
vywxfggb 1 0.0727273 8 110 8 8 8 
vyxfgwgb 1 0.0526316 8 152 8 8 8 
vyxwfggb 1 0.0733945 8 109 8 8 8 
whvfgxgb 1 0.0824742 8 97 8 8 8 
whvxfggb 1 0.0727273 8 110 8 8 8 
wivfgxgb 1 0.0824742 8 97 8 8 8 
wivxfggb 1 0.0727273 8 110 8 8 8 
wjvfgxgb 1 0.0824742 8 97 8 8 8 
wjvxfggb 1 0.0727273 8 110 8 8 8 
wkvfgxgb 1 0.0824742 8 97 8 8 8 
wkvxfggb 1 0.0727273 8 110 8 8 8 
wlvfgxgb 1 0.0824742 8 97 8 8 8 
wlvxfggb 1 0.0727273 8 110 8 8 8 
wmvfgxgb 1 0.0824742 8 97 8 8 8 
wmvxfggb 1 0.0727273 8 110 8 8 8 
wnvfgxgb 1 0.0824742 8 97 8 8 8 
wnvxfggb 1 0.0727273 8 110 8 8 8 
wovfgxgb 1 0.0824742 8 97 8 8 8 
wovxfggb 1 0.0727273 8 110 8 8 8 
wprchcvx 1 0.0583942 8 137 8 8 8 
wprchcxv 1 0.0512821 8 156 8 8 8 
wprcxhcv 1 0.0512821 8 156 8 8 8 
wpvfgxgb 1 0.0824742 8 97 8 8 8 
wpvxfggb 1 0.0727273 8 110 8 8 8 
wpxrchcv 1 0.0512821 8 156 8 8 8 
wqvfgxgb 1 0.0824742 8 97 8 8 8 
wqvxfggb 1 0.0727273 8 110 8 8 8 
wrcahcvx 1 0.0583942 8 137 8 8 8 
wrcahcxv 1 0.0512821 8 156 8 8 8 
wrcaxhcv 1 0.0512821 8 156 8 8 8 
wrcbhcvx 1 0.0583942 8 137 8 8 8 
wrcbhcxv 1 0.0512821 8 156 8 8 8 
wrcbxhcv 1 0.0512821 8 156 8 8 8 
wrcchcvx 1 0.0583942 8 137 8 8 8 
wrcchcxv 1 0.0512821 8 156 8 8 8 
wrccxhcv 1 0.0512821 8 156 8 8 8 
wrcdhcvx 1 0.0588235 8 136 8 8 8 
wrcdhcxv 1 0.0516129 8 155 8 8 8 
wrcdxhcv 1 0.0519481 8 154 8 8 8 
wrcehcvx 1 0.0588235 8 136 8 8 8 
wrcehcxv 1 0.0516129 8 155 8 8 8 
wrcfhcvx 1 0.0634921 8 126 8 8 8 
wrcfhcxv 1 0.0551724 8 145 8 8 8 
wrcfxhcv 1 0.056338 8 142 8 8 8 
wrchcavx 1 0.0588235 8 136 8 8 8 
wrchcaxv 1 0.0516129 8 155 8 8 8 
wrchcbvx 1 0.0588235 8 136 8 8 8 
wrchcbxv 1 0.0516129 8 155 8 8 8 
wrchccvx 1 0.0588235 8 136 8 8 8 
wrchccxv 1 0.0516129 8 155 8 8 8 
wrchcdxv 1 0.0522876 8 153 8 8 8 
wrchcfxv 1 0.056338 8 142 8 8 8 
wrchcjvx 1 0.0592593 8 135 8 8 8 
wrchcjxv 1 0.0519481 8 154 8 8 8 
wrchckvx 1 0.0592593 8 135 8 8 8 
wrchckxv 1 0.0519481 8 154 8 8 8 
wrchclvx 1 0.0592593 8 135 8 8 8 
wrchclxv 1 0.0519481 8 154 8 8 8 
wrchcovx 1 0.0592593 8 135 8 8 8 
wrchcoxv 1 0.0519481 8 154 8 8 8 
wrchcpvx 1 0.0592593 8 135 8 8 8 
wrchcpxv 1 0.0519481 8 154 8 8 8 
wrchcqvx 1 0.0588235 8 136 8 8 8 
wrchcqxv 1 0.0516129 8 155 8 8 8 
wrchcvax 1 0.0615385 8 130 8 8 8 
wrchcvbx 1 0.0615385 8 130 8 8 8 
wrchcvcx 1 0.0615385 8 130 8 8 8 
wrchcvdx 1 0.0625 8 128 8 8 8 
wrchcvfx 1 0.0677966 8 118 8 8 8 
wrchcvhx 1 0.0661157 8 121 8 8 8 
wrchcvjx 1 0.0620155 8 129 8 8 8 
wrchcvkx 1 0.0620155 8 129 8 8 8 
wrchcvlx 1 0.0620155 8 129 8 8 8 
wrchcvox 1 0.0620155 8 129 8 8 8 
wrchcvpx 1 0.0620155 8 129 8 8 8 
wrchcvqx 1 0.0615385 8 130 8 8 8 
wrchcvwx 1 0.0615385 8 130 8 8 8 
wrchcvxa 1 0.0620155 8 129 8 8 8 
wrchcvxb 1 0.0620155 8 129 8 8 8 
wrchcvxc 1 0.0620155 8 129 8 8 8 
wrchcvxd 1 0.0625 8 128 8 8 8 
wrchcvxe 1 0.0645161 8 124 8 8 8 
wrchcvxf 1 0.0629921 8 127 8 8 8 
wrchcvxh 1 0.0661157 8 121 8 8 8 
wrchcvxj 1 0.0620155 8 129 8 8 8 
wrchcvxk 1 0.0620155 8 129 8 8 8 
wrchcvxl 1 0.0620155 8 129 8 8 8 
wrchcvxo 1 0.0620155 8 129 8 8 8 
wrchcvxp 1 0.0620155 8 129 8 8 8 
wrchcvxq 1 0.0620155 8 129 8 8 8 
wrchcvxw 1 0.0620155 8 129 8 8 8 
wrchcvxx 1 0.0620155 8 129 8 8 8 
wrchcvxz 1 0.0620155 8 129 8 8 8 
wrchcvzx 1 0.0661157 8 121 8 8 8 
wrchcwvx 1 0.0588235 8 136 8 8 8 
wrchcwxv 1 0.0516129 8 155 8 8 8 
wrchcxav 1 0.0519481 8 154 8 8 8 
wrchcxbv 1 0.0519481 8 154 8 8 8 
wrchcxcv 1 0.0519481 8 154 8 8 8 
wrchcxjv 1 0.0522876 8 153 8 8 8 
wrchcxkv 1 0.0522876 8 153 8 8 8 
wrchcxlv 1 0.0522876 8 153 8 8 8 
wrchcxov 1 0.0522876 8 153 8 8 8 
wrchcxpv 1 0.0522876 8 153 8 8 8 
wrchcxqv 1 0.0519481 8 154 8 8 8 
wrchcxva 1 0.0540541 8 148 8 8 8 
wrchcxvb 1 0.0540541 8 148 8 8 8 
wrchcxvc 1 0.0540541 8 148 8 8 8 
wrchcxvd 1 0.0547945 8 146 8 8 8 
wrchcxve 1 0.0567376 8 141 8 8 8 
wrchcxvf 1 0.0583942 8 137 8 8 8 
wrchcxvh 1 0.057554 8 139 8 8 8 
wrchcxvj 1 0.0544218 8 147 8 8 8 
wrchcxvk 1 0.0544218 8 147 8 8 8 
wrchcxvl 1 0.0544218 8 147 8 8 8 
wrchcxvo 1 0.0544218 8 147 8 8 8 
wrchcxvp 1 0.0544218 8 147 8 8 8 
wrchcxvq 1 0.0540541 8 148 8 8 8 
wrchcxvw 1 0.0540541 8 148 8 8 8 
wrchcxvx 1 0.0588235 8 136 8 8 8 
wrchcxvz 1 0.0571429 8 140 8 8 8 
wrchcxwv 1 0.0519481 8 154 8 8 8 
wrchcxxv 1 0.0519481 8 154 8 8 8 
wrcjhcvx 1 0.0588235 8 136 8 8 8 
wrcjhcxv 1 0.0516129 8 155 8 8 8 
wrcjxhcv 1 0.0516129 8 155 8 8 8 
wrckhcvx 1 0.0588235 8 136 8 8 8 
wrckhcxv 1 0.0516129 8 155 8 8 8 
wrckxhcv 1 0.0516129 8 155 8 8 8 
wrclhcvx 1 0.0588235 8 136 8 8 8 
wrclhcxv 1 0.0516129 8 155 8 8 8 
wrclxhcv 1 0.0516129 8 155 8 8 8 
wrcohcvx 1 0.0588235 8 136 8 8 8 
wrcohcxv 1 0.0516129 8 155 8 8 8 
wrcoxhcv 1 0.0516129 8 155 8 8 8 
wrcphcvx 1 0.0588235 8 136 8 8 8 
wrcphcxv 1 0.0516129 8 155 8 8 8 
wrcpxhcv 1 0.0516129 8 155 8 8 8 
wrcqhcvx 1 0.0583942 8 137 8 8 8 
wrcqhcxv 1 0.0512821 8 156 8 8 8 
wrcqxhcv 1 0.0512821 8 156 8 8 8 
wrcwhcvx 1 0.0583942 8 137 8 8 8 
wrcwhcxv 1 0.0512821 8 156 8 8 8 
wrcwxhcv 1 0.0512821 8 156 8 8 8 
wrcxahcv 1 0.0516129 8 155 8 8 8 
wrcxbhcv 1 0.0516129 8 155 8 8 8 
wrcxchcv 1 0.0516129 8 155 8 8 8 
wrcxdhcv 1 0.0519481 8 154 8 8 8 
wrcxehcv 1 0.0519481 8 154 8 8 8 
wrcxfhcv 1 0.0555556 8 144 8 8 8 
wrcxhcav 1 0.0519481 8 154 8 8 8 
wrcxhcbv 1 0.0519481 8 154 8 8 8 
wrcxhccv 1 0.0519481 8 154 8 8 8 
wrcxhcjv 1 0.0522876 8 153 8 8 8 
wrcxhckv 1 0.0522876 8 153 8 8 8 
wrcxhclv 1 0.0522876 8 153 8 8 8 
wrcxhcov 1 0.0522876 8 153 8 8 8 
wrcxhcpv 1 0.0522876 8 153 8 8 8 
wrcxhcqv 1 0.0519481 8 154 8 8 8 
wrcxhcva 1 0.0540541 8 148 8 8 8 
wrcxhcvb 1 0.0540541 8 148 8 8 8 
wrcxhcvc 1 0.0540541 8 148 8 8 8 
wrcxhcvd 1 0.0547945 8 146 8 8 8 
wrcxhcve 1 0.0567376 8 141 8 8 8 
wrcxhcvf 1 0.0583942 8 137 8 8 8 
wrcxhcvh 1 0.057554 8 139 8 8 8 
wrcxhcvj 1 0.0544218 8 147 8 8 8 
wrcxhcvk 1 0.0544218 8 147 8 8 8 
wrcxhcvl 1 0.0544218 8 147 8 8 8 
wrcxhcvo 1 0.0544218 8 147 8 8 8 
wrcxhcvp 1 0.0544218 8 147 8 8 8 
wrcxhcvq 1 0.0540541 8 148 8 8 8 
wrcxhcvw 1 0.0540541 8 148 8 8 8 
wrcxhcvx 1 0.0583942 8 137 8 8 8 
wrcxhcvz 1 0.0571429 8 140 8 8 8 
wrcxhcwv 1 0.0519481 8 154 8 8 8 
wrcxhcxv 1 0.0519481 8 154 8 8 8 
wrcxhczv 1 0.0551724 8 145 8 8 8 
wrcxjhcv 1 0.0519481 8 154 8 8 8 
wrcxkhcv 1 0.0519481 8 154 8 8 8 
wrcxlhcv 1 0.0519481 8 154 8 8 8 
wrcxohcv 1 0.0519481 8 154 8 8 8 
wrcxphcv 1 0.0519481 8 154 8 8 8 
wrcxqhcv 1 0.0516129 8 155 8 8 8 
wrcxwhcv 1 0.0516129 8 155 8 8 8 
wrcxxhcv 1 0.0516129 8 155 8 8 8 
wrvfgxgb 1 0.0824742 8 97 8 8 8 
wrvxfggb 1 0.0727273 8 110 8 8 8 
wsvfgxgb 1 0.0824742 8 97 8 8 8 
wsvxfggb 1 0.0727273 8 110 8 8 8 
wtvfgxgb 1 0.0824742 8 97 8 8 8 
wtvxfggb 1 0.0727273 8 110 8 8 8 
wuvfgxgb 1 0.0824742 8 97 8 8 8 
wuvxfggb 1 0.0727273 8 110 8 8 8 
wvfghxgb 1 0.0963855 8 83 8 8 8 
wvfgixgb 1 0.0963855 8 83 8 8 8 
wvfgjxgb 1 0.0963855 8 83 8 8 8 
wvfgkxgb 1 0.0963855 8 83 8 8 8 
wvfglxgb 1 0.0963855 8 83 8 8 8 
wvfgmxgb 1 0.0963855 8 83 8 8 8 
wvfgnxgb 1 0.0963855 8 83 8 8 8 
wvfgoxgb 1 0.0963855 8 83 8 8 8 
wvfgpxgb 1 0.0963855 8 83 8 8 8 
wvfgqxgb 1 0.0963855 8 83 8 8 8 
wvfgrxgb 1 0.0963855 8 83 8 8 8 
wvfgsxgb 1 0.0963855 8 83 8 8 8 
wvfgtxgb 1 0.0963855 8 83 8 8 8 
wvfguxgb 1 0.0963855 8 83 8 8 8 
wvfgvxgb 1 0.0963855 8 83 8 8 9 
wvfgwxgb 1 0.0963855 8 83 8 8 8 
wvfgxhgb 1 0.097561 8 82 8 8 8 
wvfgxigb 1 0.097561 8 82 8 8 8 
wvfgxjgb 1 0.097561 8 82 8 8 8 
wvfgxkgb 1 0.097561 8 82 8 8 8 
wvfgxlgb 1 0.097561 8 82 8 8 8 
wvfgxmgb 1 0.097561 8 82 8 8 8 
wvfgxngb 1 0.097561 8 82 8 8 8 
wvfgxogb 1 0.097561 8 82 8 8 8 
wvfgxpgb 1 0.097561 8 82 8 8 8 
wvfgxqgb 1 0.097561 8 82 8 8 8 
wvfgxrgb 1 0.097561 8 82 8 8 8 
wvfgxsgb 1 0.097561 8 82 8 8 8 
wvfgxtgb 1 0.097561 8 82 8 8 8 
wvfgxugb 1 0.097561 8 82 8 8 8 
wvfgxwgb 1 0.097561 8 82 8 8 8 
wvfgxxgb 1 0.097561 8 82 8 8 8 
wvfgxygb 1 0.097561 8 82 8 8 8 
wvfgyxgb 1 0.0963855 8 83 8 8 8 
wvhfgxgb 1 0.0824742 8 97 8 8 8 
wvhxfggb 1 0.0727273 8 110 8 8 8 
wvifgxgb 1 0.0824742 8 97 8 8 8 
wvixfggb 1 0.0727273 8 110 8 8 8 
wvjfgxgb 1 0.0824742 8 97 8 8 8 
wvjxfggb 1 0.0727273 8 110 8 8 8 
wvkfgxgb 1 0.0824742 8 97 8 8 8 
wvkxfggb 1 0.0727273 8 110 8 8 8 
wvlfgxgb 1 0.0824742 8 97 8 8 8 
wvlxfggb 1 0.0727273 8 110 8 8 8 
wvmfgxgb 1 0.0824742 8 97 8 8 8 
wvmxfggb 1 0.0727273 8 110 8 8 8 
wvnfgxgb 1 0.0824742 8 97 8 8 8 
wvnxfggb 1 0.0727273 8 110 8 8 8 
wvofgxgb 1 0.0824742 8 97 8 8 8 
wvoxfggb 1 0.0727273 8 110 8 8 8 
wvpfgxgb 1 0.0824742 8 97 8 8 8 
wvpxfggb 1 0.0727273 8 110 8 8 8 
wvqfgxgb 1 0.0824742 8 97 8 8 8 
wvqxfggb 1 0.0727273 8 110 8 8 8 
wvrfgxgb 1 0.0824742 8 97 8 8 8 
wvrxfggb 1 0.0727273 8 110 8 8 8 
wvsfgxgb 1 0.0824742 8 97 8 8 8 
wvsxfggb 1 0.0727273 8 110 8 8 8 
wvtfgxgb 1 0.0824742 8 97 8 8 8 
wvtxfggb 1 0.0727273 8 110 8 8 8 
wvufgxgb 1 0.0824742 8 97 8 8 8 
wvuxfggb 1 0.0727273 8 110 8 8 8 
wvvfgxgb 1 0.140351 8 57 8 8 8 
wvvxfagb 1 0.0666667 8 120 8 8 8 
wvvxfdgb 1 0.064 8 125 8 8 8 
wvvxfegb 1 0.064 8 125 8 8 8 
wvvxfggb 1 0.129032 8 62 8 8 8 
wvwfgxgb 1 0.0824742 8 97 8 8 8 
wvwxfggb 1 0.0727273 8 110 8 8 8 
wvxfghgb 1 0.0842105 8 95 8 8 8 
wvxfgigb 1 0.0842105 8 95 8 8 8 
wvxfgjgb 1 0.0842105 8 95 8 8 8 
wvxfgkgb 1 0.0842105 8 95 8 8 8 
wvxfglgb 1 0.0842105 8 95 8 8 8 
wvxfgmgb 1 0.0842105 8 95 8 8 8 
wvxfgngb 1 0.0842105 8 95 8 8 8 
wvxfgogb 1 0.0842105 8 95 8 8 8 
wvxfgpgb 1 0.0842105 8 95 8 8 8 
wvxfgqgb 1 0.0842105 8 95 8 8 8 
wvxfgrgb 1 0.0842105 8 95 8 8 8 
wvxfgsgb 1 0.0842105 8 95 8 8 8 
wvxfgtgb 1 0.0842105 8 95 8 8 8 
wvxfgugb 1 0.0842105 8 95 8 8 8 
wvxfgwgb 1 0.0842105 8 95 8 8 8 
wvxfgxgb 1 0.0842105 8 95 8 8 8 
wvxfgygb 1 0.0842105 8 95 8 8 8 
wvxhfggb 1 0.0733945 8 109 8 8 8 
wvxifggb 1 0.0733945 8 109 8 8 8 
wvxjfggb 1 0.0733945 8 109 8 8 8 
wvxkfggb 1 0.0733945 8 109 8 8 8 
wvxlfggb 1 0.0733945 8 109 8 8 8 
wvxmfggb 1 0.0733945 8 109 8 8 8 
wvxnfggb 1 0.0733945 8 109 8 8 8 
wvxofggb 1 0.0733945 8 109 8 8 8 
wvxpfggb 1 0.0733945 8 109 8 8 8 
wvxqfggb 1 0.0733945 8 109 8 8 8 
wvxrfggb 1 0.0733945 8 109 8 8 8 
wvxsfggb 1 0.0733945 8 109 8 8 8 
wvxtfggb 1 0.0733945 8 109 8 8 8 
wvxufggb 1 0.0733945 8 109 8 8 8 
wvxvfagb 1 0.0601504 8 133 8 8 8 
wvxvfdgb 1 0.057554 8 139 8 8 8 
wvxvfegb 1 0.057554 8 139 8 8 8 
wvxwfggb 1 0.0733945 8 109 8 8 8 
wvxxfggb 1 0.0733945 8 109 8 8 8 
wvxyfggb 1 0.0733945 8 109 8 8 8 
wvyfgxgb 1 0.0824742 8 97 8 8 8 
wvyxfggb 1 0.0727273 8 110 8 8 8 
wwvfgxgb 1 0.0824742 8 97 8 8 8 
wwvxfggb 1 0.0727273 8 110 8 8 8 
wxrchcvz 1 0.0571429 8 140 8 8 8 
wxrchczv 1 0.0551724 8 145 8 8 8 
wxvfcgbv 1 0.0533333 8 150 8 8 9 
wxvfgxgb 1 0.0824742 8 97 8 8 8 
wxvxfggb 1 0.0727273 8 110 8 8 8 
wxzrchcv 1 0.0547945 8 146 8 8 8 
wyvfgxgb 1 0.0824742 8 97 8 8 8 
wyvxfggb 1 0.0727273 8 110 8 8 8 
wzrchcvx 1 0.0625 8 128 8 8 8 
wzrchcxv 1 0.0544218 8 147 8 8 8 
wzrcxhcv 1 0.0544218 8 147 8 8 8 
wzxrchcv 1 0.0544218 8 147 8 8 8 
xpwrchcv 1 0.0519481 8 154 8 8 8 
xvfcgbwv 1 0.0536913 8 149 8 8 9 
xvfgwxgb 1 0.0601504 8 133 8 8 8 
xvfgxwgb 1 0.0606061 8 132 8 8 8 
xvwfcgbv 1 0.0536913 8 149 8 8 9 
xvwfgxgb 1 0.0824742 8 97 8 8 8 
xvwxfggb 1 0.0727273 8 110 8 8 8 
xvxfgwgb 1 0.0526316 8 152 8 8 8 
xvxwfggb 1 0.0733945 8 109 8 8 8 
xwrchcvz 1 0.057554 8 139 8 8 8 
xwrchczv 1 0.0555556 8 144 8 8 8 
xwvfcgbv 1 0.0536913 8 149 8 8 9 
xwvfgxgb 1 0.0824742 8 97 8 8 8 
xwvxfggb 1 0.0727273 8 110 8 8 8 
xwzrchcv 1 0.0551724 8 145 8 8 8 
xxrchcvw 1 0.0544218 8 147 8 8 8 
xxrchcwv 1 0.0519481 8 154 8 8 8 
xxrcwhcv 1 0.0516129 8 155 8 8 8 
xzwrchcv 1 0.0551724 8 145 8 8 8 
yvfgwxgb 1 0.0601504 8 133 8 8 8 
yvfgxwgb 1 0.0606061 8 132 8 8 8 
yvwfgxgb 1 0.0824742 8 97 8 8 8 
yvwxfggb 1 0.0727273 8 110 8 8 8 
yvxfgwgb 1 0.0526316 8 152 8 8 8 
yvxwfggb 1 0.0733945 8 109 8 8 8 
ywvfgxgb 1 0.0824742 8 97 8 8 8 
ywvxfggb 1 0.0727273 8 110 8 8 8 
zwrchcvx 1 0.0625 8 128 8 8 8 
zwrchcxv 1 0.0544218 8 147 8 8 8 
zwrcxhcv 1 0.0544218 8 147 8 8 8 
zwxrchcv 1 0.0544218 8 147 8 8 8 
zxrchcvw 1 0.0540541 8 148 8 8 8 
zxrchcwv 1 0.0519481 8 154 8 8 8 
zxrcwhcv 1 0.0516129 8 155 8 8 8 
zxwrchcv 1 0.0547945 8 146 8 8 8 
vwsfgxgb 1 0.0824742 8 97 8 8 8 
vwsxfggb 1 0.0727273 8 110 8 8 8 
oryooqsg 0 0 8 0 8 8 8 
fzqputzf 0 0 8 0 8 8 8 
dojecrzw 0 0 8 0 8 8 8 
ubtmouxt 0 0 8 0 8 8 8 
uftaqcbb 0 0 8 0 8 8 8 
ghtayoko 0 0 8 0 8 8 8 
sgqhujpa 0 0 8 0 8 8 8 
vcouinrc 0 0 8 0 8 8 8 
wikyhqja 0 0 8 0 8 8 8 
csydmdjm 0 0 8 0 8 8 8 
cavaggbp 0 0 8 0 8 8 8 
mwmncsug 0 0 8 0 8 8 8 
yvikcjka 0 0 8 0 8 8 8 
nydehwda 0 0 8 0 8 8 8 
bozpfvrg 0 0 8 0 8 8 8 
oqgxyenu 0 0 8 0 8 8 8 
mdmngaiz 0 0 8 0 8 8 8 
sjagfmtu 0 0 8 0 8 8 8 
sdbegoia 0 0 8 0 8 8 8 
ytkjmccc 0 0 8 0 8 8 8 
